Define CharList
 ( 'A', 'B', 'C', 'D', 'E', 'F', 'G', 'H', 'I', 'J', 'K', 'L', 'M', 'N', 'O', 'P',
   'Q', 'R', 'S', 'T', 'U', 'V', 'W', 'X', 'Y', 'Z', 'a', 'b', 'c', 'd', 'e', 'f',
   'g', 'h', 'i', 'j', 'k', 'l', 'm', 'n', 'o', 'p', 'q', 'r', 's', 't', 'u', 'v',
   'w', 'x', 'y', 'z', '0', '1', '2', '3', '4', '5', '6', '7', '8', '9', '~', '`',
   '!', '@', '#', '$', '%', '^', '&', '*', '(', ')', '-', '_', '=', '+', '[', '{',
   ']', '}', ';', ':',"'", '"', ',', '<', '.', '>', '/', '?', '¡', '¢', '£', '¥',
   '§', '©', '®', '¿', 'À', 'Á', 'Â', 'Ã', 'Ä', 'Å', 'Æ', 'Ç', 'È', 'É', 'Ê', 'Ë',
   'Ì', 'Í', 'Î', 'Ï', 'Ð', 'Ñ', 'Ò', 'Ó', 'Ô', 'Õ', 'Ö', 'Ø', 'Ù', 'Ú', 'Û', 'Ü',
   'Ý', 'ß', 'à', 'á', 'â', 'ã', 'ä', 'å', 'æ', 'ç', 'è', 'é', 'ê', 'ë', 'ì', 'í',
   'î', 'ï', 'ð', 'ñ', 'ò', 'ó', 'ô', 'õ', 'ö', 'ø', 'ù', 'ú', 'û', 'ü', 'ý', 'ÿ');

Define WidthList
 (  15,  15,  15,  15,  14,  13,  16,  14,   5,  12,  15,  13,  17,  14,  16,  14,
    16,  15,  14,  13,  14,  13,  21,  14,  13,  12,  12,  13,  12,  13,  12,   7,
    13,  13,   5,   5,  12,   5,  19,  13,  13,  13,  13,   8,  12,   7,  13,  13,
    15,  12,  11,  11,  12,  12,  12,  12,  12,  12,  12,  12,  12,  12,  12,   7,
     7,  20,  12,  12,  17,  12,  15,   8,   7,   7,   7,  12,  12,  12,   7,   8,
     7,   8,   7,   7,   5,  10,   6,  12,   6,  12,   6,  13,   7,  12,  12,  12,
    12,  15,  15,  13,  15,  15,  15,  15,  15,  15,  21,  15,  14,  14,  14,  14,
     5,   5,   5,   5,  15,  14,  16,  16,  16,  16,  16,  16,  14,  14,  14,  14,
    13,  13,  12,  12,  12,  12,  12,  12,  19,  12,  12,  12,  12,  12,   5,   5,
     5,   5,  13,  13,  13,  13,  13,  13,  13,  13,  13,  13,  13,  13,  11,  11);

Define RectList
 ( (   0,  0, 15, 23), (  16,  0, 12, 23), (  29,  0, 13, 23), (  43,  0, 12, 23),
   (  56,  0, 11, 23), (  68,  0, 10, 23), (  79,  0, 14, 23), (  94,  0, 12, 23),
   ( 107,  0,  3, 23), ( 111,  0, 10, 23), ( 122,  0, 13, 23), ( 136,  0, 10, 23),
   ( 147,  0, 15, 23), ( 163,  0, 12, 23), ( 176,  0, 14, 23), ( 191,  0, 11, 23),
   ( 203,  0, 15, 23), ( 219,  0, 12, 23), ( 232,  0, 12, 23), ( 245,  0, 11, 23),
   ( 257,  0, 12, 23), ( 270,  0, 13, 23), ( 284,  0, 21, 23), ( 306,  0, 14, 23),
   ( 321,  0, 15, 23), ( 337,  0, 12, 23), ( 350,  0, 11, 23), ( 362,  0, 11, 23),
   ( 374,  0, 10, 23), ( 385,  0, 11, 23), ( 397,  0, 10, 23), ( 408,  0,  8, 23),
   ( 417,  0, 11, 23), ( 429,  0, 11, 23), ( 441,  0,  3, 23), ( 445,  0,  5, 23),
   ( 451,  0, 11, 23), ( 463,  0,  3, 23), ( 467,  0, 17, 23), ( 485,  0, 11, 23),
   ( 497,  0, 11, 23), ( 509,  0, 11, 23), ( 521,  0, 11, 23), ( 533,  0,  7, 23),
   ( 541,  0, 10, 23), ( 552,  0,  6, 23), ( 559,  0, 11, 23), ( 571,  0, 13, 23),
   ( 585,  0, 15, 23), ( 601,  0, 12, 23), ( 614,  0, 13, 23), ( 628,  0,  9, 23),
   ( 638,  0, 10, 23), ( 649,  0,  7, 23), ( 657,  0, 10, 23), ( 668,  0, 10, 23),
   ( 679,  0, 11, 23), ( 691,  0, 10, 23), ( 702,  0, 10, 23), ( 713,  0, 10, 23),
   ( 724,  0, 10, 23), ( 735,  0, 10, 23), ( 746,  0, 11, 23), ( 758,  0,  4, 23),
   ( 763,  0,  3, 23), ( 767,  0, 19, 23), ( 787,  0, 12, 23), ( 800,  0, 10, 23),
   ( 811,  0, 15, 23), ( 827,  0, 10, 23), ( 838,  0, 14, 23), ( 853,  0,  8, 23),
   ( 862,  0,  5, 23), ( 868,  0,  5, 23), ( 874,  0,  6, 23), ( 881,  0, 12, 23),
   ( 894,  0, 10, 23), ( 905,  0, 11, 23), ( 917,  0,  5, 23), ( 923,  0,  7, 23),
   ( 931,  0,  5, 23), ( 937,  0,  7, 23), ( 945,  0,  3, 23), ( 949,  0,  3, 23),
   ( 953,  0,  3, 23), ( 957,  0,  8, 23), ( 966,  0,  3, 23), ( 970,  0, 10, 23),
   ( 981,  0,  3, 23), ( 985,  0, 10, 23), ( 996,  0,  7, 23), (1004,  0, 11, 23),
   (1016,  0,  3, 23), (1020,  0, 11, 23), (1032,  0, 11, 23), (1044,  0, 11, 23),
   (1056,  0, 10, 23), (1067,  0, 15, 23), (1083,  0, 15, 23), (1099,  0, 11, 23),
   (1111,  0, 15, 23), (1127,  0, 15, 23), (1143,  0, 15, 23), (1159,  0, 15, 23),
   (1175,  0, 15, 23), (1191,  0, 15, 23), (1207,  0, 21, 23), (1229,  0, 13, 23),
   (1243,  0, 11, 23), (1255,  0, 11, 23), (1267,  0, 11, 23), (1279,  0, 11, 23),
   (1291,  0,  4, 23), (1296,  0,  4, 23), (1301,  0,  7, 23), (1309,  0,  7, 23),
   (1317,  0, 14, 23), (1332,  0, 12, 23), (1345,  0, 14, 23), (1360,  0, 14, 23),
   (1375,  0, 14, 23), (1390,  0, 14, 23), (1405,  0, 14, 23), (1420,  0, 16, 23),
   (1437,  0, 12, 23), (1450,  0, 12, 23), (1463,  0, 12, 23), (1476,  0, 12, 23),
   (1489,  0, 15, 23), (1505,  0, 11, 23), (1517,  0, 11, 23), (1529,  0, 11, 23),
   (1541,  0, 11, 23), (1553,  0, 11, 23), (1565,  0, 11, 23), (1577,  0, 11, 23),
   (1589,  0, 17, 23), (1607,  0, 10, 23), (1618,  0, 10, 23), (1629,  0, 10, 23),
   (1640,  0, 10, 23), (1651,  0, 10, 23), (1662,  0,  4, 23), (1667,  0,  4, 23),
   (1672,  0,  7, 23), (1680,  0,  7, 23), (1688,  0, 11, 23), (1700,  0, 11, 23),
   (1712,  0, 11, 23), (1724,  0, 11, 23), (1736,  0, 11, 23), (1748,  0, 11, 23),
   (1760,  0, 11, 23), (1772,  0, 11, 23), (1784,  0, 11, 23), (1796,  0, 11, 23),
   (1808,  0, 11, 23), (1820,  0, 11, 23), (1832,  0, 13, 23), (1846,  0, 13, 23));

Define OffsetList
 ( ( 0, 0), ( 2, 0), ( 1, 0), ( 2, 0), ( 2, 0), ( 2, 0), ( 1, 0), ( 1, 0),
   ( 1, 0), ( 0, 0), ( 2, 0), ( 2, 0), ( 1, 0), ( 1, 0), ( 1, 0), ( 2, 0),
   ( 1, 0), ( 2, 0), ( 1, 0), ( 1, 0), ( 1, 0), ( 0, 0), ( 0, 0), ( 0, 0),
   (-1, 0), ( 0, 0), ( 1, 0), ( 1, 0), ( 1, 0), ( 1, 0), ( 1, 0), ( 0, 0),
   ( 1, 0), ( 1, 0), ( 1, 0), (-1, 0), ( 1, 0), ( 1, 0), ( 1, 0), ( 1, 0),
   ( 1, 0), ( 1, 0), ( 1, 0), ( 1, 0), ( 1, 0), ( 0, 0), ( 1, 0), ( 0, 0),
   ( 0, 0), ( 0, 0), (-1, 0), ( 1, 0), ( 1, 0), ( 2, 0), ( 1, 0), ( 1, 0),
   ( 0, 0), ( 1, 0), ( 1, 0), ( 1, 0), ( 1, 0), ( 1, 0), ( 0, 0), ( 0, 0),
   ( 2, 0), ( 1, 0), ( 0, 0), ( 1, 0), ( 1, 0), ( 1, 0), ( 1, 0), ( 0, 0),
   ( 1, 0), ( 1, 0), ( 1, 0), ( 0, 0), ( 1, 0), ( 1, 0), ( 2, 0), ( 1, 0),
   ( 0, 0), ( 0, 0), ( 2, 0), ( 2, 0), ( 1, 0), ( 1, 0), ( 1, 0), ( 1, 0),
   ( 1, 0), ( 1, 0), (-1, 0), ( 1, 0), ( 2, 0), ( 1, 0), ( 0, 0), ( 0, 0),
   ( 1, 0), ( 0, 0), ( 0, 0), ( 1, 0), ( 0, 0), ( 0, 0), ( 0, 0), ( 0, 0),
   ( 0, 0), ( 0, 0), (-1, 0), ( 1, 0), ( 2, 0), ( 2, 0), ( 2, 0), ( 2, 0),
   ( 0, 0), ( 1, 0), (-1, 0), (-1, 0), ( 0, 0), ( 1, 0), ( 1, 0), ( 1, 0),
   ( 1, 0), ( 1, 0), ( 1, 0), ( 0, 0), ( 1, 0), ( 1, 0), ( 1, 0), ( 1, 0),
   (-1, 0), ( 1, 0), ( 1, 0), ( 1, 0), ( 1, 0), ( 1, 0), ( 1, 0), ( 1, 0),
   ( 1, 0), ( 1, 0), ( 1, 0), ( 1, 0), ( 1, 0), ( 1, 0), ( 0, 0), ( 1, 0),
   (-1, 0), (-1, 0), ( 1, 0), ( 1, 0), ( 1, 0), ( 1, 0), ( 1, 0), ( 1, 0),
   ( 1, 0), ( 1, 0), ( 1, 0), ( 1, 0), ( 1, 0), ( 1, 0), (-1, 0), (-1, 0));

Define KerningPairs
 ("11","AT","AV","AW","AY","Av","Ay","F,","F.","FA","LT","LV","LW","LY","Ly","P,",
  "P.","PA","RY","T,","T-","T.","T:","T;","TA","Ta","Tc","Te","To","Tr","Ts","Tu",
  "Tw","Ty","V,","V-","V.","V:","V;","VA","Va","Ve","Vo","Vr","Vu","Vy","W,","W.",
  "WA","Wa","Y,","Y-","Y.","Y:","Y;","YA","Ya","Ye","Yi","Yo","Yp","Yq","Yu","Yv",
  "r,","r.","v,","v.","w,","w.","y,","y.","G,","G.","dt","dp","ta","td","ts","tf",
  "ft","fp","pa","pd","ps","pf");

Define KerningValues (  -1,  -2,  -2,  -1,  -2,  -1,  -1,  -2,  -2,  -1,  -2,  -2,  -1,  -2,  -1,  -3,    -3,  -2,  -1,  -2,  -1,  -2,  -2,  -2,  -2,  -2,  -2,  -2,  -2,  -1,  -2,  -2,    -2,  -2,  -2,  -1,  -2,  -1,  -1,  -2,  -1,  -1,  -2,  -1,  -1,  -1,  -1,  -1,    -1,  -1,  -2,  -1,  -2,  -2,  -2,  -2,  -1,  -1,  -1,  -2,  -1,  -2,  -1,  -1,    -1,  -1,  -2,  -2,  -1,  -1,  -2,  -2,  -2,  -2,  -1,  -1,  -1,  -1,  -1,  -1,    -1,  -1,  -1,  -1,  -1,  -1);

CreateLayer               Main;
LayerSetImage             Main 'arial';
LayerSetAscent            Main 19;
LayerSetCharWidths        Main CharList WidthList;
LayerSetCharWidths        Main (' ') (6);
LayerSetKerningPairs      Main KerningPairs KerningValues;
LayerSetImageMap          Main CharList RectList;
LayerSetCharOffsets       Main CharList OffsetList;
LayerSetAscentPadding     Main 0;
LayerSetLineSpacingOffset Main 0;
LayerSetPointSize         Main 16;

SetDefaultPointSize  16;
