Define CharList
 ( 'A', 'B', 'C', 'D', 'E', 'F', 'G', 'H', 'I', 'J', 'K', 'L', 'M', 'N', 'O', 'P',
   'Q', 'R', 'S', 'T', 'U', 'V', 'W', 'X', 'Y', 'Z', 'a', 'b', 'c', 'd', 'e', 'f',
   'g', 'h', 'i', 'j', 'k', 'l', 'm', 'n', 'o', 'p', 'q', 'r', 's', 't', 'u', 'v',
   'w', 'x', 'y', 'z', '0', '1', '2', '3', '4', '5', '6', '7', '8', '9', '~', '`',
   '!', '@', '#', '$', '%', '^', '&', '*', '(', ')', '-', '_', '=', '+', '[', '{',
   ']', '}', ';', ':',"'", '"', ',', '<', '.', '>', '/', '?');

Define WidthList
 (  23,  20,  21,  21,  18,  20,  20,  26,  12,  18,  25,  17,  28,  25,  19,  23,
    18,  22,  19,  20,  22,  22,  28,  27,  23,  18,  19,  19,  19,  19,  19,  14,
    18,  22,  10,  13,  21,   9,  28,  24,  17,  19,  17,  17,  16,  12,  21,  17,
    31,  23,  23,  15,  20,  11,  16,  20,  19,  19,  18,  17,  20,  18,  17,   8,
     6,  28,  17,  16,  23,  15,  20,  19,  12,  14,  14,  19,  13,  16,  11,  13,
    11,  13,   6,   6,   5,  11,   6,  14,   7,  13,  15,  16);

Define RectList
 ( (   0,  0, 23, 54), (  24,  0, 19, 54), (  44,  0, 19, 54), (  64,  0, 20, 54),
   (  85,  0, 17, 54), ( 103,  0, 20, 54), ( 124,  0, 19, 54), ( 144,  0, 25, 54),
   ( 170,  0, 12, 54), ( 183,  0, 18, 54), ( 202,  0, 24, 54), ( 227,  0, 17, 54),
   ( 245,  0, 28, 54), ( 274,  0, 25, 54), ( 300,  0, 17, 54), ( 318,  0, 22, 54),
   ( 341,  0, 17, 54), ( 359,  0, 23, 54), ( 383,  0, 18, 54), ( 402,  0, 21, 54),
   ( 424,  0, 25, 54), ( 450,  0, 24, 54), ( 475,  0, 32, 54), ( 508,  0, 27, 54),
   ( 536,  0, 23, 54), ( 560,  0, 18, 54), ( 579,  0, 18, 54), ( 598,  0, 17, 54),
   ( 616,  0, 18, 54), ( 635,  0, 19, 54), ( 655,  0, 18, 54), ( 674,  0, 16, 54),
   ( 691,  0, 20, 54), ( 712,  0, 23, 54), ( 736,  0, 10, 54), ( 748,  0, 13, 54),
   ( 761,  0, 21, 54), ( 783,  0,  9, 54), ( 793,  0, 30, 54), ( 824,  0, 23, 54),
   ( 848,  0, 16, 54), ( 865,  0, 19, 54), ( 885,  0, 19, 54), ( 905,  0, 17, 54),
   ( 923,  0, 16, 54), ( 940,  0, 12, 54), ( 953,  0, 20, 54), ( 974,  0, 22, 54),
   ( 997,  0, 32, 54), (1030,  0, 22, 54), (1053,  0, 24, 54), (1078,  0, 15, 54),
   (1094,  0, 18, 54), (1113,  0, 11, 54), (1125,  0, 16, 54), (1142,  0, 18, 54),
   (1161,  0, 19, 54), (1181,  0, 19, 54), (1201,  0, 17, 54), (1219,  0, 18, 54),
   (1238,  0, 18, 54), (1257,  0, 17, 54), (1275,  0, 17, 54), (1293,  0, 10, 54),
   (1304,  0,  7, 54), (1312,  0, 27, 54), (1340,  0, 18, 54), (1359,  0, 17, 54),
   (1377,  0, 19, 54), (1397,  0, 15, 54), (1413,  0, 19, 54), (1433,  0, 19, 54),
   (1453,  0, 12, 54), (1466,  0, 13, 54), (1481,  0, 14, 54), (1496,  0, 19, 54),
   (1515,  0, 13, 54), (1529,  0, 15, 54), (1545,  0, 12, 54), (1558,  0, 12, 54),
   (1571,  0, 11, 54), (1583,  0, 12, 54), (1596,  0,  7, 54), (1604,  0,  7, 54),
   (1612,  0,  3, 54), (1616,  0, 10, 54), (1627,  0,  6, 54), (1634,  0, 14, 54),
   (1649,  0,  7, 54), (1657,  0, 13, 54), (1671,  0, 15, 54), (1687,  0, 15, 54));

Define OffsetList
 ( ( 0, 0), ( 0, 0), ( 1, 0), ( 0, 0), ( 0, 0), ( 0, 0), ( 1, 0), ( 0, 0),
   ( 1, 0), ( 0, 0), ( 0, 0), ( 0, 0), ( 0, 0), ( 0, 0), ( 1, 0), ( 0, 0),
   ( 0, 0), (-1, 0), ( 0, 0), ( 0, 0), ( 0, 0), ( 0, 0), ( 0, 0), ( 0, 0),
   ( 0, 0), ( 0, 0), ( 1, 0), ( 1, 0), ( 1, 0), ( 0, 0), ( 1, 0), ( 0, 0),
   ( 0, 0), ( 0, 0), ( 0, 0), ( 0, 0), ( 0, 0), ( 0, 0), ( 0, 0), ( 0, 0),
   ( 1, 0), ( 1, 0), ( 0, 0), ( 0, 0), ( 0, 0), ( 0, 0), ( 1, 0), (-1, 0),
   ( 0, 0), ( 0, 0), ( 0, 0), ( 0, 0), ( 1, 0), ( 0, 0), ( 0, 0), ( 1, 0),
   (-1, 0), ( 0, 1), ( 0, 7), ( 0, 0), ( 1, 9), ( 0, 0), ( 0, 0), ( 1, 0),
   ( 0, 0), ( 0, 0), ( 0, 0), (-1, 0), ( 2, 0), ( 0, 0), ( 1, 0), ( 0, 0),
   ( 0, 0), ( 0, 0), ( 0, 0), ( 0, 0), ( 0, 0), ( 0, 0), ( 0, 0), ( 0, 0),
   ( 0, 0), ( 0, 0), ( 0, 0), (-1, 0), ( 1, 0), ( 1, 0), (-1, 0), ( 0, 0),
   ( 0, 0), ( 0, 0), ( 0, 0), ( 0, 0));

CreateLayer               Main;
LayerSetImage             Main 'huxoutline';
LayerSetAscent            Main 38;
LayerSetCharWidths        Main CharList WidthList;
LayerSetCharWidths        Main (' ') (13);
LayerSetImageMap          Main CharList RectList;
LayerSetCharOffsets       Main CharList OffsetList;
LayerSetAscentPadding     Main 0;
LayerSetLineSpacingOffset Main 0;
LayerSetPointSize         Main 30;

SetDefaultPointSize  30;
