Define CharList
 ( 'A', 'B', 'C', 'D', 'E', 'F', 'G', 'H', 'I', 'J', 'K', 'L', 'M', 'N', 'O', 'P',
   'Q', 'R', 'S', 'T', 'U', 'V', 'W', 'X', 'Y', 'Z', 'a', 'b', 'c', 'd', 'e', 'f',
   'g', 'h', 'i', 'j', 'k', 'l', 'm', 'n', 'o', 'p', 'q', 'r', 's', 't', 'u', 'v',
   'w', 'x', 'y', 'z', '0', '1', '2', '3', '4', '5', '6', '7', '8', '9', '~', '`',
   '!', '@', '#', '$', '%', '^', '&', '*', '(', ')', '-', '_', '=', '+', '[', '{',
   ']', '}', ';', ':',"'", '"', ',', '<', '.', '>', '/', '?', '¡', '¢', '£', '¥',
   '§', '©', '®', '¿', 'À', 'Á', 'Â', 'Ã', 'Ä', 'Å', 'Æ', 'Ç', 'È', 'É', 'Ê', 'Ë',
   'Ì', 'Í', 'Î', 'Ï', 'Ð', 'Ñ', 'Ò', 'Ó', 'Ô', 'Õ', 'Ö', 'Ø', 'Ù', 'Ú', 'Û', 'Ü',
   'Ý', 'ß', 'à', 'á', 'â', 'ã', 'ä', 'å', 'æ', 'ç', 'è', 'é', 'ê', 'ë', 'ì', 'í',
   'î', 'ï', 'ð', 'ñ', 'ò', 'ó', 'ô', 'õ', 'ö', 'ø', 'ù', 'ú', 'û', 'ü', 'ý', 'ÿ');

Define WidthList
 (  14,  13,  12,  13,  12,  12,  12,  16,   7,  11,  15,  10,  17,  15,  11,  15,
    11,  14,  12,  12,  14,  14,  20,  16,  14,  11,  12,  12,  11,  12,  11,   9,
    12,  14,   6,   8,  12,   5,  18,  15,  11,  13,  12,  10,   9,   7,  13,  13,
    19,  14,  14,   9,  12,   7,  11,  12,  12,  11,  11,  10,  13,  11,  10,   5,
     4,  17,  10,   9,  14,   9,  12,  11,   7,   9,   8,  12,   8,   9,   7,   8,
     6,   8,   4,   3,   3,   7,   5,   8,   4,   8,   9,  10,   4,  11,  12,  14,
    10,  18,  18,   9,  14,  14,  14,  14,  14,  14,  20,  12,  11,  11,  11,  11,
     7,   7,   7,   7,  13,  15,  11,  11,  11,  11,  11,  11,  14,  14,  14,  14,
    14,  11,  12,  12,  12,  12,  12,  12,  19,  11,  11,  11,  11,  11,   6,   6,
     6,   6,  12,  14,  11,  11,  11,  11,  11,  11,  13,  13,  13,  13,  14,  14);

Define RectList
 ( (   0,  0, 14, 33), (  15,  0, 12, 33), (  28,  0, 12, 33), (  41,  0, 12, 33),
   (  54,  0, 11, 33), (  66,  0, 12, 33), (  79,  0, 12, 33), (  92,  0, 15, 33),
   ( 108,  0,  8, 33), ( 117,  0, 11, 33), ( 129,  0, 15, 33), ( 145,  0, 10, 33),
   ( 156,  0, 17, 33), ( 174,  0, 15, 33), ( 190,  0, 10, 33), ( 201,  0, 14, 33),
   ( 216,  0, 10, 33), ( 227,  0, 14, 33), ( 242,  0, 12, 33), ( 255,  0, 13, 33),
   ( 269,  0, 14, 33), ( 284,  0, 13, 33), ( 298,  0, 20, 33), ( 319,  0, 17, 33),
   ( 337,  0, 14, 33), ( 352,  0, 11, 33), ( 364,  0, 12, 33), ( 377,  0, 11, 33),
   ( 389,  0, 11, 33), ( 401,  0, 12, 33), ( 414,  0, 11, 33), ( 426,  0, 10, 33),
   ( 437,  0, 13, 33), ( 451,  0, 14, 33), ( 466,  0,  6, 33), ( 473,  0,  8, 33),
   ( 482,  0, 13, 33), ( 496,  0,  7, 33), ( 504,  0, 17, 33), ( 522,  0, 16, 33),
   ( 539,  0, 10, 33), ( 550,  0, 13, 33), ( 564,  0, 12, 33), ( 577,  0, 11, 33),
   ( 589,  0,  9, 33), ( 599,  0,  8, 33), ( 608,  0, 14, 33), ( 623,  0, 14, 33),
   ( 638,  0, 19, 33), ( 658,  0, 14, 33), ( 673,  0, 14, 33), ( 688,  0,  9, 33),
   ( 698,  0, 11, 33), ( 710,  0,  7, 33), ( 718,  0, 11, 33), ( 730,  0, 12, 33),
   ( 743,  0, 13, 33), ( 757,  0, 11, 33), ( 769,  0, 10, 33), ( 780,  0, 11, 33),
   ( 792,  0, 12, 33), ( 805,  0, 10, 33), ( 816,  0, 10, 33), ( 827,  0,  6, 33),
   ( 834,  0,  5, 33), ( 840,  0, 16, 33), ( 857,  0, 12, 33), ( 870,  0,  9, 33),
   ( 880,  0, 12, 33), ( 893,  0,  9, 33), ( 903,  0, 12, 33), ( 916,  0, 12, 33),
   ( 929,  0,  8, 33), ( 938,  0,  8, 33), ( 947,  0,  9, 33), ( 957,  0, 12, 33),
   ( 970,  0,  8, 33), ( 979,  0, 10, 33), ( 990,  0,  8, 33), ( 999,  0,  8, 33),
   (1008,  0,  7, 33), (1016,  0,  8, 33), (1025,  0,  4, 33), (1030,  0,  5, 33),
   (1036,  0,  2, 33), (1039,  0,  7, 33), (1047,  0,  4, 33), (1052,  0,  8, 33),
   (1061,  0,  4, 33), (1066,  0,  8, 33), (1075,  0,  9, 33), (1085,  0,  9, 33),
   (1095,  0,  5, 33), (1101,  0, 10, 33), (1112,  0, 13, 33), (1126,  0, 14, 33),
   (1141,  0, 10, 33), (1152,  0, 16, 33), (1169,  0, 16, 33), (1186,  0,  9, 33),
   (1196,  0, 14, 33), (1211,  0, 14, 33), (1226,  0, 14, 33), (1241,  0, 14, 33),
   (1256,  0, 14, 33), (1271,  0, 14, 33), (1286,  0, 19, 33), (1306,  0, 12, 33),
   (1319,  0, 11, 33), (1331,  0, 11, 33), (1343,  0, 11, 33), (1355,  0, 11, 33),
   (1367,  0,  8, 33), (1376,  0,  8, 33), (1385,  0,  8, 33), (1394,  0,  9, 33),
   (1404,  0, 12, 33), (1417,  0, 15, 33), (1433,  0, 10, 33), (1444,  0, 10, 33),
   (1455,  0, 10, 33), (1466,  0, 10, 33), (1477,  0, 11, 33), (1489,  0, 10, 33),
   (1500,  0, 14, 33), (1515,  0, 14, 33), (1530,  0, 14, 33), (1545,  0, 14, 33),
   (1560,  0, 14, 33), (1575,  0, 12, 33), (1588,  0, 12, 33), (1601,  0, 12, 33),
   (1614,  0, 12, 33), (1627,  0, 12, 33), (1640,  0, 12, 33), (1653,  0, 12, 33),
   (1666,  0, 19, 33), (1686,  0, 11, 33), (1698,  0, 11, 33), (1710,  0, 11, 33),
   (1722,  0, 11, 33), (1734,  0, 11, 33), (1746,  0,  8, 33), (1755,  0,  6, 33),
   (1762,  0,  8, 33), (1771,  0,  8, 33), (1780,  0, 11, 33), (1792,  0, 16, 33),
   (1809,  0, 10, 33), (1820,  0, 10, 33), (1831,  0, 10, 33), (1842,  0, 10, 33),
   (1853,  0, 10, 33), (1864,  0, 10, 33), (1875,  0, 14, 33), (1890,  0, 14, 33),
   (1905,  0, 14, 33), (1920,  0, 14, 33), (1935,  0, 14, 33), (1950,  0, 14, 33));

Define OffsetList
 ( ( 0, 0), ( 0, 0), ( 0, 0), ( 0, 0), ( 0, 0), ( 0, 0), ( 0, 0), ( 0, 0),
   ( 0, 0), ( 0, 0), ( 0, 0), ( 0, 0), ( 0, 0), ( 0, 0), ( 0, 0), ( 0, 0),
   ( 0, 0), ( 0, 0), (-1, 0), ( 0, 0), ( 0, 0), ( 1, 0), ( 0, 0), ( 0, 0),
   ( 0, 0), ( 0, 0), ( 0, 0), ( 0, 0), ( 0, 0), ( 0, 0), ( 0, 0), ( 0, 0),
   ( 0, 0), ( 0, 0), ( 0, 0), ( 0, 0), ( 0, 0), (-1, 0), ( 0, 0), (-1, 0),
   ( 0, 0), (-1, 0), ( 0, 0), (-1, 0), ( 0, 0), ( 0, 0), (-1, 0), (-1, 0),
   ( 0, 0), ( 0, 0), ( 0, 0), ( 0, 0), ( 0, 0), ( 0, 0), ( 0, 0), ( 0, 0),
   (-1, 0), ( 0, 0), ( 0, 0), ( 0, 0), ( 0, 0), ( 0, 0), ( 0, 0), ( 1, 0),
   ( 0, 0), ( 0, 0), (-1, 0), ( 0, 0), ( 1, 0), ( 0, 0), ( 0, 0), ( 0, 0),
   ( 0, 0), ( 0, 0), ( 0, 0), ( 0, 0), ( 0, 0), ( 0, 0), (-1, 0), (-1, 0),
   ( 0, 0), ( 0, 0), ( 0, 0), (-1, 0), ( 0, 0), ( 0, 0), ( 0, 0), ( 0, 0),
   ( 0, 0), ( 0, 0), ( 0, 0), ( 0, 0), (-1, 0), ( 1, 0), (-2, 0), ( 0, 0),
   ( 0, 0), ( 1, 0), ( 1, 0), ( 0, 0), ( 0, 0), ( 0, 0), ( 0, 0), ( 0, 0),
   ( 0, 0), ( 0, 0), ( 0, 0), ( 0, 0), ( 0, 0), ( 0, 0), ( 0, 0), ( 0, 0),
   ( 0, 0), ( 0, 0), ( 0, 0), ( 0, 0), ( 0, 0), ( 0, 0), ( 0, 0), ( 0, 0),
   ( 0, 0), ( 0, 0), ( 0, 0), ( 0, 0), ( 0, 0), ( 0, 0), ( 0, 0), ( 0, 0),
   ( 0, 0), (-2, 0), ( 0, 0), ( 0, 0), ( 0, 0), ( 0, 0), ( 0, 0), ( 0, 0),
   ( 0, 0), ( 0, 0), ( 0, 0), ( 0, 0), ( 0, 0), ( 0, 0), ( 0, 0), ( 0, 0),
   ( 0, 0), ( 0, 0), ( 0, 0), (-1, 0), ( 0, 0), ( 0, 0), ( 0, 0), ( 0, 0),
   ( 0, 0), ( 0, 0), (-1, 0), (-1, 0), (-1, 0), (-1, 0), ( 0, 0), ( 0, 0));

Define KerningPairs
 ("$,","$.","'d","'l","'s","A'","AC","AG","AO","AQ","AT","AU","AV","AW","AY","Ac",
  "Ad","Ae","Ao","Ap","At","Au","Av","Aw","Ay","A\"","B,","B.","BA","C,","C.","D,",
  "D.","DA","DV","DW","DY","F,","F.","FA","Fa","Fe","Fi","Fo","Fr","G,","G.","J,",
  "J.","JA","Ja","Je","Jo","Ju","KC","KO","Ke","Ko","Ku","Ky","L'","LT","LV","LW",
  "LY","Ly","L\"","N,","N.","NA","O,","O.","OA","OV","OW","OX","OY","P,","P.","PA",
  "Pa","Pe","Po","Q.","QU","RO","RU","RV","RW","S,","S.","T,","T-","T.","T:","T;",
  "TA","TO","Ta","Te","Ti","To","Tr","U,","U.","UA","V,","V-","V.","V:","V;","VA",
  "VG","VO","Va","Ve","Vi","Vo","Vu","W,","W-","W.","W:","W;","WA","WO","Wa","We",
  "Wi","Wo","Wu","Wy","Y,","Y-","Y.","Y:","Y;","YA","YO","YS","Ya","Ye","Yi","Yo",
  "Yu","ab","ag","ap","at","av","aw","ay","b,","b.","bb","bu","bv","by","c,","c.",
  "ck","cl","dd","dy","e,","e.","eb","eg","ep","ev","ew","ex","ey","f,","f.","f1",
  "fa","fe","ff","fi","fo","g,","ga","ge","gg","go","ke","ko","ly","mu","my","nu",
  "nv","ny","o,","o.","og","ov","ow","ox","oy","p,","p.","r,","r.","ra","rg","rk",
  "rp","s,","s.","v,","v.","va","ve","vo","w,","w.","wa","we","wo","y,","y.","ya",
  "ye","yo","©,","©.","©A","©V","©W","©X","©Y","®,","®.","®A","®V","®W","®X","®Y",
  "£'","£T","£V","£W","£Y","£y","£\"","¢,","¢.","¢k","¢l","¥,","¥-","¥.","¥:","¥;",
  "¥A","¥O","¥S","¥a","¥e","¥i","¥o","¥u","Ð,","Ð.","ÐA","ÐV","ÐW","ÐY","ðy","ðð",
  "L'","LT","LV","LW","LY","Ly","L\"","ly","\"A");

Define KerningValues (  -2,  -1,  -1,  -1,  -1,  -2,  -1,  -1,  -1,  -1,  -1,  -1,  -3,  -3,  -2,  -1,    -1,  -1,  -1,  -1,  -1,  -1,  -2,  -2,  -1,  -2,  -2,  -1,  -1,  -2,  -1,  -3,    -2,  -2,  -1,  -1,  -1,  -5,  -4,  -4,  -3,  -2,  -1,  -2,  -2,  -1,  -1,  -3,    -2,  -2,  -2,  -1,  -1,  -1,  -2,  -2,  -2,  -2,  -1,  -1,  -2,  -2,  -2,  -2,    -2,  -1,  -2,  -2,  -2,  -2,  -2,  -2,  -1,  -1,  -1,  -1,  -1,  -5,  -5,  -3,    -1,  -1,  -1,  -1,  -1,  -1,  -1,  -1,  -1,  -2,  -1,  -3,  -2,  -2,  -2,  -2,    -2,  -1,  -2,  -2,  -1,  -2,  -1,  -4,  -3,  -3,  -5,  -3,  -4,  -3,  -3,  -4,    -2,  -2,  -3,  -3,  -1,  -3,  -2,  -5,  -3,  -5,  -3,  -3,  -4,  -2,  -4,  -4,    -2,  -4,  -2,  -2,  -4,  -3,  -4,  -2,  -3,  -3,  -2,  -1,  -3,  -3,  -1,  -3,    -2,  -1,  -1,  -1,  -1,  -1,  -1,  -1,  -2,  -1,  -1,  -1,  -1,  -1,  -2,  -1,    -1,  -1,  -1,  -1,  -2,  -1,  -1,  -1,  -1,  -1,  -1,  -1,  -1,  -2,  -2,  -1,    -1,  -2,  -1,  -1,  -2,  -1,  -1,  -1,  -1,  -1,  -1,  -1,  -1,  -1,  -1,  -1,    -1,  -1,  -2,  -1,  -1,  -1,  -1,  -1,  -1,  -2,  -1,  -3,  -3,  -1,  -1,  -1,    -1,  -2,  -1,  -4,  -4,  -1,  -1,  -1,  -4,  -4,  -1,  -1,  -1,  -4,  -4,  -1,    -1,  -1,  -2,  -2,  -1,  -1,  -1,  -1,  -1,  -2,  -2,  -1,  -1,  -1,  -1,  -1,    -2,  -2,  -2,  -2,  -2,  -1,  -2,  -2,  -1,  -1,  -1,  -4,  -3,  -4,  -2,  -3,    -3,  -2,  -1,  -3,  -3,  -1,  -3,  -2,  -3,  -2,  -2,  -1,  -1,  -1,  -1,  -1,    -2,  -2,  -2,  -2,  -2,  -1,  -2,  -1,  -3);

CreateLayer               Main;
LayerSetImage             Main 'normal';
LayerSetAscent            Main 23;
LayerSetCharWidths        Main CharList WidthList;
LayerSetCharWidths        Main (' ') (8);
LayerSetKerningPairs      Main KerningPairs KerningValues;
LayerSetImageMap          Main CharList RectList;
LayerSetCharOffsets       Main CharList OffsetList;
LayerSetAscentPadding     Main 0;
LayerSetLineSpacingOffset Main 0;
LayerSetPointSize         Main 18;

SetDefaultPointSize  18;
